2.92299 0.87015 0.78555 0.70095 0.64799 0.61635 0.436877 0.426087 0.417994 0.413958 0.407204 4.204506 0.316938 0.296413 0.193715 0.191018 0.18832 0.18832 0.18832 0.18832 0.185623 0.185623 
0.417619 2.39575 0.384719 0.309713 0.28004 0.261156 0.250366 0.236877 0.228785 0.223389 0.217994 0.212599 0.207204 0.204506 0.216938 0.196413 0.195 0.193715 0.193715 0.193715 0.191018 0.193715 
0.301621 0.358271 1.64042 0.362917 0.330688 0.28004 0.263854 0.247668 0.238333 0.228785 0.223389 0.219375 0.212599 0.207204 0.204506 0.201808 0.216938 0.199111 0.196413 0.199111 0.196413 0.196413 
0.28004 0.309713 0.360968 1.72134 0.39334 0.328597 0.319313 0.269249 0.253063 0.24497 0.236877 0.228785 0.223389 0.217994 0.212599 0.209901 0.207204 0.205833 0.222625 0.204506 0.204506 0.204506 
0.261156 0.28004 0.307016 0.39334 1.53251 0.466176 0.379852 0.317806 0.307938 0.269249 0.258458 0.249167 0.236877 0.231482 0.226087 0.220692 0.215296 0.217994 0.215296 0.215296 0.231156 0.212599 
0.247668 0.261156 0.28004 0.328597 0.466176 1.55949 0.493152 0.371759 0.320504 0.296225 0.299406 0.274644 0.253063 0.24497 0.236877 0.231482 0.226087 0.226087 0.220692 0.223389 0.220692 0.220692 
0.255145 0.250366 0.263854 0.296225 0.379852 0.493152 1.61344 0.490455 0.377154 0.333992 0.304318 0.285435 0.288031 0.255761 0.247668 0.239575 0.23418 0.23418 0.228785 0.228785 0.228785 0.226087 
0.226087 0.239575 0.268125 0.270833 0.315109 0.371759 0.490455 1.45158 0.490455 0.398735 0.34748 0.315109 0.285435 0.274644 0.282344 0.250366 0.24497 0.24375 0.239575 0.242273 0.238333 0.236877 
0.217994 0.228785 0.238333 0.253063 0.307938 0.317806 0.379852 0.490455 1.50553 0.490455 0.401433 0.34748 0.307016 0.289792 0.271947 0.258458 0.273813 0.250366 0.247668 0.255761 0.24497 0.242273 
0.212599 0.223389 0.231482 0.24497 0.269249 0.296225 0.359125 0.398735 0.490455 1.39763 0.476966 0.387945 0.331294 0.307016 0.285435 0.269249 0.261156 0.255761 0.273813 0.257292 0.250366 0.250366 
0.21125 0.219375 0.223389 0.236877 0.258458 0.28004 0.304318 0.34748 0.430219 0.479664 1.55949 0.44999 0.363666 0.328597 0.298923 0.277342 0.266551 0.263854 0.258458 0.258458 0.276656 0.255761 
0.204506 0.212599 0.217994 0.231482 0.250366 0.27625 0.285435 0.315109 0.34748 0.390642 0.48425 1.64042 0.433804 0.369061 0.320504 0.29083 0.278958 0.271947 0.266551 0.266551 0.263854 0.263854 
0.216938 0.207204 0.212599 0.223389 0.236877 0.250366 0.266551 0.285435 0.309713 0.331294 0.363666 0.436502 2.08406 0.460781 0.366364 0.314167 0.293528 0.282737 0.277342 0.27625 0.271947 0.271947 
0.196413 0.204506 0.225469 0.217994 0.231482 0.242273 0.255761 0.271947 0.288132 0.307016 0.328597 0.371042 0.460781 1.74832 0.492781 0.34748 0.312411 0.296225 0.289792 0.285435 0.282737 0.28004 
0.193715 0.200417 0.204506 0.212599 0.242531 0.236877 0.24497 0.26 0.271947 0.282737 0.297917 0.320504 0.363666 0.460781 1.72134 0.428409 0.3705 0.315109 0.298923 0.296225 0.293528 0.29083 
0.191018 0.196413 0.199111 0.208542 0.217994 0.228785 0.259594 0.250366 0.258458 0.266551 0.277342 0.29083 0.312411 0.346667 0.428409 1.69437 0.436502 0.350178 0.344906 0.312411 0.307016 0.304318 
0.18832 0.193715 0.199111 0.207204 0.215296 0.226087 0.23418 0.24497 0.273813 0.261156 0.266551 0.277342 0.29083 0.312411 0.344783 0.4392 1.93715 0.4392 0.355573 0.333992 0.350594 0.320504 
0.18832 0.193715 0.196413 0.204506 0.215296 0.223389 0.231482 0.24375 0.250366 0.255761 0.282344 0.271947 0.282737 0.293528 0.312411 0.34748 0.441458 2.07204 0.452688 0.371759 0.352875 0.342085 
0.205563 0.193715 0.197708 0.205833 0.215296 0.220692 0.228785 0.239575 0.247668 0.253063 0.258458 0.266551 0.299406 0.288132 0.301621 0.323202 0.355573 0.452688 2.01808 0.490455 0.398735 0.371759 
0.18832 0.193715 0.214094 0.204506 0.215296 0.224792 0.228785 0.239575 0.255761 0.253063 0.258458 0.266551 0.274644 0.285435 0.319313 0.315109 0.333992 0.371759 0.487757 1.93715 0.458083 0.40413 
0.18832 0.193715 0.197708 0.204506 0.231156 0.220692 0.228785 0.236877 0.24497 0.250366 0.255761 0.263854 0.274644 0.282737 0.293528 0.309713 0.350594 0.355573 0.398735 0.458083 1.80227 0.498547 
0.18832 0.193715 0.196413 0.201808 0.212599 0.220692 0.245375 0.236877 0.242273 0.247668 0.257292 0.265417 0.271947 0.28004 0.29083 0.307016 0.320504 0.342085 0.398938 0.406828 0.498547 2.17994 






